***** 1 th Set of Initial Values and Bounds*****

e0_x_i2 0.819330941331 0.714427015566 0.924234867096
e0_h_V -255000.0 -280000.0 -230000.0
e0_K_LV_i2 0.729689105503 0.507801822198 0.951576388808
e0_y_i2 0.565257896455 0.362787340332 0.767728452578
e0_HU_i2 0.148008564901 0.0960171298018 0.2
e0_p 0.75 0.75 0.75
e0_greek_gamma_L_i1 2.33918654433 1.2158486746 3.46252441406
e0_Q 100000.0 0.0 200000.0
e0_HU_V 0.256805419922 0.256787109375 0.256823730469
e0_y_i1 0.434742103545 0.232271547422 0.637212659668
e0_A 0.020106192983 0.020106192983 0.020106192983
e0_V_total 0.0100530964915 0.0100530964915 0.0100530964915
e0_x_F_i2 0.85 0.85 0.85
e0_greek_alpha_L_i1 0.234816885022 0.234816885022 0.234816885022
e0_HU_L 0.0040210723877 0.00402069091797 0.00402145385742
e0_x_i1 0.180606568329 0.0757651329041 0.285448003754
e0_K_LV_i1 3.37801625392 1.75603250784 5.0
e0_V_L 1.02160273317e-07 6.97759419304e-08 1.34544604703e-07
e0_L 61.0241956283 42.0483912566 80.0
e0_U -67286.7615991 -73839.3050048 -60734.2181935
e0_greek_gamma_L_i2 1.15530518553 0.804140597101 1.50646977397
e0_HU_i1 0.112374107884 0.0599489674342 0.164799248334
e0_V_V 0.0100533812567 0.0100526644381 0.0100540980753
e0_greek_alpha_L_i2 0.773534640353 0.773534640353 0.773534640353
e0_h_F -279145.961889 -279145.961889 -279145.961889
e0_V 18.9739082248 0.0 37.9478164497
e0_r_DH 0.32 0.32 0.32
e0_h_L -260000.0 -290000.0 -230000.0
