***** 1 th Set of Initial Values and Bounds*****

e0_x_i2 0.819544448655 0.714916453854 0.924172443456
e0_h_V -255000.0 -280000.0 -230000.0
e0_K_LV_i2 0.729302622997 0.508316710767 0.950288535227
e0_y_i2 0.565520558259 0.363403979407 0.767637137111
e0_HU_i2 0.148097533276 0.0961950665528 0.2
e0_p 0.75 0.75 0.75
e0_greek_gamma_L_i1 2.33986218663 1.21780472282 3.46191965044
e0_Q 100000.0 0.0 200000.0
e0_HU_V 0.256795536279 0.256794702994 0.256796369564
e0_y_i1 0.434479447764 0.232362862889 0.63659603264
e0_A 0.020106192983 0.020106192983 0.020106192983
e0_V_total 0.0100530964915 0.0100530964915 0.0100530964915
e0_x_F_i2 0.85 0.85 0.85
e0_greek_alpha_L_i1 0.234816885022 0.234816885022 0.234816885022
e0_HU_L 0.00402123858221 0.00402123853564 0.00402123862877
e0_x_i1 0.180455551345 0.0758275565435 0.285083546146
e0_K_LV_i1 3.37942879988 1.75885759976 5.0
e0_V_L 1.02139883111e-07 6.9844325337e-08 1.34435440884e-07
e0_L 61.0464623054 42.0929246108 80.0
e0_U -67282.3868537 -73823.1297907 -60741.6439166
e0_greek_gamma_L_i2 1.15465739903 0.804784780188 1.50453001788
e0_HU_i1 0.112298206753 0.0599744730548 0.16462194045
e0_V_V 0.0100529943338 0.0100529618402 0.0100530268274
e0_greek_alpha_L_i2 0.773534640353 0.773534640353 0.773534640353
e0_h_F -279145.961889 -279145.961889 -279145.961889
e0_V 18.9535373026 0.0 37.9070746052
e0_r_DH 0.32 0.32 0.32
e0_h_L -260000.0 -290000.0 -230000.0
