***** 1 th Set of Initial Values and Bounds*****

e0_x_i2 0.819544479777 0.714916520171 0.924172439383
e0_h_V -255000.0 -280000.0 -230000.0
e0_K_LV_i2 0.729302558801 0.50831676273 0.950288354873
e0_y_i2 0.565520580075 0.363404051154 0.767637108995
e0_HU_i2 0.148097544232 0.096195088464 0.2
e0_p 0.75 0.75 0.75
e0_greek_gamma_L_i1 2.33986233912 1.21780506854 3.46191960969
e0_Q 100000.0 0.0 200000.0
e0_HU_V 0.256795536756 0.256794711737 0.256796361775
e0_y_i1 0.434479419972 0.232362891005 0.63659594894
e0_A 0.020106192983 0.020106192983 0.020106192983
e0_V_total 0.0100530964915 0.0100530964915 0.0100530964915
e0_x_F_i2 0.85 0.85 0.85
e0_greek_alpha_L_i1 0.234816885022 0.234816885022 0.234816885022
e0_HU_L 0.00402123859675 0.00402123859603 0.00402123859746
e0_x_i1 0.180455520179 0.0758275606173 0.285083479741
e0_K_LV_i1 3.37942904954 1.75885809908 5.0
e0_V_L 1.02139880461e-07 6.98443228508e-08 1.34435438072e-07
e0_L 61.0464668339 42.0929336678 80.0
e0_U -67282.3867727 -73823.1275861 -60741.6459594
e0_greek_gamma_L_i2 1.1546572974 0.804784862457 1.50452973234
e0_HU_i1 0.112298197314 0.0599744823274 0.164621912301
e0_V_V 0.0100529943521 0.0100529620554 0.0100530266489
e0_greek_alpha_L_i2 0.773534640353 0.773534640353 0.773534640353
e0_h_F -279145.961889 -279145.961889 -279145.961889
e0_V 18.9535331624 0.0 37.9070663248
e0_r_DH 0.32 0.32 0.32
e0_h_L -260000.0 -290000.0 -230000.0
