***** 1 th Set of Initial Values and Bounds*****

e0_x_i2 0.819544480117 0.714916520906 0.924172439329
e0_h_V -255000.0 -280000.0 -230000.0
e0_K_LV_i2 0.729302558234 0.50831676339 0.950288353078
e0_y_i2 0.565520580371 0.363404052001 0.767637108741
e0_HU_i2 0.148097544351 0.0961950887015 0.2
e0_p 0.75 0.75 0.75
e0_greek_gamma_L_i1 2.33986234046 1.21780507188 3.46191960904
e0_Q 100000.0 0.0 200000.0
e0_HU_V 0.256795536747 0.256794711783 0.256796361711
e0_y_i1 0.434479419629 0.232362891259 0.636595947999
e0_A 0.020106192983 0.020106192983 0.020106192983
e0_V_total 0.0100530964915 0.0100530964915 0.0100530964915
e0_x_F_i2 0.85 0.85 0.85
e0_greek_alpha_L_i1 0.234816885022 0.234816885022 0.234816885022
e0_HU_L 0.0040212385966 0.00402123859659 0.0040212385966
e0_x_i1 0.180455519882 0.0758275606713 0.285083479092
e0_K_LV_i1 3.37942905195 1.7588581039 5.0
e0_V_L 1.02139882051e-07 6.98443258516e-08 1.3443543825e-07
e0_L 61.0464668774 42.0929337548 80.0
e0_U -67282.3867665 -73823.1275533 -60741.6459798
e0_greek_gamma_L_i2 1.1546572965 0.804784863503 1.50452972949
e0_HU_i1 0.11229819721 0.0599744824036 0.164621912016
e0_V_V 0.0100529943516 0.0100529620561 0.0100530266472
e0_greek_alpha_L_i2 0.773534640353 0.773534640353 0.773534640353
e0_h_F -279145.961889 -279145.961889 -279145.961889
e0_V 18.9535331226 0.0 37.9070662452
e0_r_DH 0.32 0.32 0.32
e0_h_L -260000.0 -290000.0 -230000.0
