***** 1 th Set of Initial Values and Bounds*****

e0_x_i2 0.819542571427 0.714912283112 0.924172859741
e0_h_V -255000.0 -280000.0 -230000.0
e0_K_LV_i2 0.729306659919 0.508313216391 0.950300103448
e0_y_i2 0.565518897078 0.363399089967 0.767638704188
e0_HU_i2 0.148096852607 0.096193705214 0.2
e0_p 0.75 0.75 0.75
e0_greek_gamma_L_i1 2.33985334826 1.21778309727 3.46192359924
e0_Q 100000.0 0.0 200000.0
e0_HU_V 0.256795453178 0.256794468386 0.256796437969
e0_y_i1 0.434481102922 0.232361295812 0.636600910033
e0_A 0.020106192983 0.020106192983 0.020106192983
e0_V_total 0.0100530964915 0.0100530964915 0.0100530964915
e0_x_F_i2 0.85 0.85 0.85
e0_greek_alpha_L_i1 0.234816885022 0.234816885022 0.234816885022
e0_HU_L 0.00402123916086 0.00402123332024 0.00402124500148
e0_x_i1 0.180457428573 0.0758271402592 0.285087716888
e0_K_LV_i1 3.37941318314 1.75882636628 5.0
e0_V_L 1.02140248428e-07 6.98438357099e-08 1.34436661146e-07
e0_L 61.0461956925 42.0923913851 80.0
e0_U -67282.3835165 -73823.2578926 -60741.5091403
e0_greek_gamma_L_i2 1.15466287861 0.804779496782 1.50454626043
e0_HU_i1 0.112298799641 0.0599740140545 0.164623585228
e0_V_V 0.0100529910801 0.0100529525276 0.0100530296325
e0_greek_alpha_L_i2 0.773534640353 0.773534640353 0.773534640353
e0_h_F -279145.961889 -279145.961889 -279145.961889
e0_V 18.953789838 0.0 37.907579676
e0_r_DH 0.32 0.32 0.32
e0_h_L -260000.0 -290000.0 -230000.0
