***** 1 th Set of Initial Values and Bounds*****

e0_Q_D 0.222 -10000000000.0 10000000000.0
e0e1_K_tr6_i2 1.5 0.0 3.0
e0e1_x_tr19_i1 0.5 0.0 1.0
e0e1_y_tr2_i2 0.5 0.0 1.0
e0e1_x_tr5_i1 0.5 0.0 1.0
e0e1_F_Vn_tr4 2.5 0.0 5.0
e0e1_x_tr3_i1 0.5 0.0 1.0
e0e1_y_tr13_i2 0.5 0.0 1.0
e0e1_x_tr13_i1 0.5 0.0 1.0
e0e1_greek_eta_L_tr4 0.0500005 1e-06 0.1
e0e1_greek_theta_i2_j1_tr8 1.625 0.25 3.0
e0e1_F_Vn_tr13 2.5 0.0 5.0
e0e1_greek_eta_V_tr16 0.0500005 1e-06 0.1
e0e1_T_tr8 200.0 0.0 400.0
e0e1_x_tr6_i1 0.5 0.0 1.0
e0e1_greek_rho_Lm_tr8 400.0 100.0 700.0
e0e1_h_Vn_tr6 -140319356.495 -280638712.991 0.0
e0e1_greek_sigma_tr15 0.0500010542482 2.10849645981e-06 0.1
e0e1_K_tr13_i2 1.5 0.0 3.0
e0_y_DV_i2 0.5 0.0 1.0
e0e1_greek_theta_i2_j2_tr20 1.0 1.0 1.0
e0e1_P_tr2 175.0 150.0 200.0
e0_F_LReboilerinn 0.222 -5.0 5.0
e0e1_greek_rho_Lm_tr13 400.0 100.0 700.0
e0e1_greek_eta_V_tr14 0.0500005 1e-06 0.1
e0e1_F_Vn_tr6 2.5 0.0 5.0
e0e1_p_tr2 700000.0 600042.0 799958.0
e0e1_x_tr15_i2 0.5 0.0 1.0
e0e1_greek_theta_i2_j1_tr6 1.625 0.25 3.0
e0e1_greek_eta_L_tr18 0.0500005 1e-06 0.1
e0e1_T_tr5 200.0 0.0 400.0
e0e1_P_i2_tr20 175.0 150.0 200.0
e0e1_K_tr12_i2 1.5 0.0 3.0
e0e1_P_i1_tr17 175.0 150.0 200.0
e0e1_h_Vn_tr12 -140319356.495 -280638712.991 0.0
e0e1_h_BLn -505259012.114 -1000000000.0 -10518024.2272
e0e1_p_tr11 700000.0 600042.0 799958.0
e0e1_greek_rho_Vm_tr6 50.9020928554 1.80418571085 100.0
e0e1_M_V_tr1 40.0 10.0 70.0
e0e1_P_i1_tr13 175.0 150.0 200.0
e0e1_P_i1_tr11 175.0 150.0 200.0
e0e1_greek_rho_Vm_tr10 50.9020928554 1.80418571085 100.0
e0e1_x_tr16_i2 0.5 0.0 1.0
e0e1_P_i2_tr13 175.0 150.0 200.0
e0e1_greek_rho_Lm_tr15 400.0 100.0 700.0
e0e1_greek_theta_i1_j2_tr18 1.625 0.25 3.0
e0e1_greek_sigma_tr3 0.0500010542482 2.10849645981e-06 0.1
e0e1_F_Vn_tr14 2.5 0.0 5.0
e0e1_greek_theta_i2_j2_tr1 1.0 1.0 1.0
e0e1_greek_sigma_tr5 0.0500010542482 2.10849645981e-06 0.1
e0e1_P_tr12 175.0 150.0 200.0
e0e1_x_tr3_i2 0.5 0.0 1.0
e0_p_LReboiler 700000.0 600042.0 799958.0
e0e1_greek_rho_Vm_tr12 50.9020928554 1.80418571085 100.0
e0e1_p_tr5 700000.0 600042.0 799958.0
e0e1_K_tr3_i1 1.5 0.0 3.0
e0e1_y_tr12_i1 0.5 0.0 1.0
e0e1_greek_eta_L_tr14 0.0500005 1e-06 0.1
e0e1_greek_theta_i2_j1_tr14 1.625 0.25 3.0
e0_R_Reflux 0.222 -1000000000.0 1000000000.0
e0_h_LReboilerinn -472369086.909 -1000000000.0 55261826.182
e0e1_y_tr18_i1 0.5 0.0 1.0
e0e1_y_tr17_i2 0.5 0.0 1.0
e0e1_h_Ln_tr3 -500000000.0 -1000000000.0 0.0
e0e1_p_tr7 700000.0 600042.0 799958.0
e0e1_F_Ln_tr11 2.5 0.0 5.0
e0e1_greek_theta_i2_j2_tr8 1.0 1.0 1.0
e0e1_x_tr11_i1 0.5 0.0 1.0
e0e1_y_tr19_i2 0.5 0.0 1.0
e0e1_M_V_tr12 40.0 10.0 70.0
e0e1_greek_theta_i2_j2_tr7 1.0 1.0 1.0
e0e1_x_tr2_i1 0.5 0.0 1.0
e0e1_M_V_tr19 40.0 10.0 70.0
e0e1_greek_theta_i2_j2_tr13 1.0 1.0 1.0
e0e1_T_tr6 200.0 0.0 400.0
e0e1_greek_rho_Lm_tr7 400.0 100.0 700.0
e0e1_T_tr12 200.0 0.0 400.0
e0e1_p_tr3 700000.0 600042.0 799958.0
e0e1_h_Vn_tr8 -140319356.495 -280638712.991 0.0
e0e1_p_tr12 700000.0 600042.0 799958.0
e0e1_y_tr4_i2 0.5 0.0 1.0
e0_h_DVn -140319356.495 -280638712.991 0.0
e0e1_F_Ln_tr17 2.5 0.0 5.0
e0e1_F_Ln_tr3 2.5 0.0 5.0
e0e1_M_L_tr10 40.0 10.0 70.0
e0e1_p_tr16 700000.0 600042.0 799958.0
e0e1_greek_rho_Vm_tr13 50.9020928554 1.80418571085 100.0
e0e1_x_tr16_i1 0.5 0.0 1.0
e0e1_greek_eta_V_tr11 0.0500005 1e-06 0.1
e0e1_P_i1_tr9 175.0 150.0 200.0
e0e1_greek_theta_i2_j1_tr13 1.625 0.25 3.0
e0e1_T_tr4 200.0 0.0 400.0
e0e1_K_tr14_i2 1.5 0.0 3.0
e0e1_greek_theta_i1_j1_tr4 1.0 1.0 1.0
e0e1_greek_eta_V_tr13 0.0500005 1e-06 0.1
e0e1_greek_eta_L_tr6 0.0500005 1e-06 0.1
e0_F_DLRefluxn 0.222 -1000000000.0 1000000000.0
e0e1_P_i1_tr12 175.0 150.0 200.0
e0e1_p_tr10 700000.0 600042.0 799958.0
e0e1_P_i1_tr10 175.0 150.0 200.0
e0e1_greek_eta_L_tr9 0.0500005 1e-06 0.1
e0e1_h_Vn_tr19 -140319356.495 -280638712.991 0.0
e0e1_greek_rho_Vm_tr9 50.9020928554 1.80418571085 100.0
e0e1_y_tr8_i1 0.5 0.0 1.0
e0e1_h_Vn_tr4 -140319356.495 -280638712.991 0.0
e0e1_h_Ln_tr15 -500000000.0 -1000000000.0 0.0
e0e1_greek_rho_Lm_tr2 400.0 100.0 700.0
e0e1_h_Vn_tr3 -140319356.495 -280638712.991 0.0
e0e1_y_tr19_i1 0.5 0.0 1.0
e0e1_M_L_tr2 40.0 10.0 70.0
e0e1_greek_sigma_tr2 0.0500010542482 2.10849645981e-06 0.1
e0e1_P_tr7 175.0 150.0 200.0
e0e1_M_L_tr3 40.0 10.0 70.0
e0_T_D 31250000.0 0.0 62500000.0
e0_h_ReboilerVn 0.222 -1000000000.0 1000000000.0
e0e1_K_tr10_i1 1.5 0.0 3.0
e0e1_F_Ln_tr2 2.5 0.0 5.0
e0e1_K_tr11_i2 1.5 0.0 3.0
e0e1_P_i1_tr20 175.0 150.0 200.0
e0e1_greek_theta_i1_j1_tr8 1.0 1.0 1.0
e0e1_h_Ln_tr9 -500000000.0 -1000000000.0 0.0
e0e1_P_tr1 175.0 150.0 200.0
e0e1_M_L_tr19 40.0 10.0 70.0
e0e1_K_tr20_i1 1.5 0.0 3.0
e0e1_K_tr11_i1 1.5 0.0 3.0
e0e1_greek_theta_i1_j1_tr16 1.0 1.0 1.0
e0e1_h_Vn_tr15 -140319356.495 -280638712.991 0.0
e0e1_greek_rho_Vm_tr16 50.9020928554 1.80418571085 100.0
e0e1_greek_theta_i1_j1_tr9 1.0 1.0 1.0
e0e1_greek_theta_i2_j1_tr1 1.625 0.25 3.0
e0e1_greek_theta_i1_j1_tr12 1.0 1.0 1.0
e0e1_greek_eta_V_tr18 0.0500005 1e-06 0.1
e0e1_greek_theta_i2_j1_tr18 1.625 0.25 3.0
e0e1_M_V_tr8 40.0 10.0 70.0
e0e1_K_tr17_i1 1.5 0.0 3.0
e0e1_greek_theta_i1_j1_tr13 1.0 1.0 1.0
e0e1_F_Vn_tr16 2.5 0.0 5.0
e0e1_P_tr13 175.0 150.0 200.0
e0e1_y_tr11_i2 0.5 0.0 1.0
e0e1_greek_rho_Lm_tr11 400.0 100.0 700.0
e0e1_F_Vn_tr19 2.5 0.0 5.0
e0e1_T_tr20 200.0 0.0 400.0
e0e1_greek_sigma_tr10 0.0500010542482 2.10849645981e-06 0.1
e0e1_greek_eta_L_tr16 0.0500005 1e-06 0.1
e0e1_x_tr10_i2 0.5 0.0 1.0
e0e1_greek_eta_V_tr1 0.0500005 1e-06 0.1
e0e1_greek_eta_L_tr11 0.0500005 1e-06 0.1
e0e1_y_tr6_i2 0.5 0.0 1.0
e0_x_Reboiler_i1 0.5 0.0 1.0
e0e1_x_tr4_i1 0.5 0.0 1.0
e0e1_greek_theta_i1_j2_tr15 1.625 0.25 3.0
e0_y_Reboiler_i2 0.5 0.0 1.0
e0e1_greek_theta_i2_j1_tr3 1.625 0.25 3.0
e0e1_T_tr18 200.0 0.0 400.0
e0e1_F_Ln_tr13 2.5 0.0 5.0
e0e1_x_tr8_i2 0.5 0.0 1.0
e0e1_greek_eta_V_tr3 0.0500005 1e-06 0.1
e0e1_F_Vn_tr10 2.5 0.0 5.0
e0e1_greek_theta_i2_j2_tr5 1.0 1.0 1.0
e0e1_x_tr17_i2 0.5 0.0 1.0
e0e1_y_tr5_i1 0.5 0.0 1.0
e0e1_greek_sigma_tr20 0.0500010542482 2.10849645981e-06 0.1
e0e1_K_tr15_i2 1.5 0.0 3.0
e0e1_x_tr2_i2 0.5 0.0 1.0
e0e1_M_V_tr17 40.0 10.0 70.0
e0e1_greek_theta_i2_j2_tr11 1.0 1.0 1.0
e0e1_K_tr13_i1 1.5 0.0 3.0
e0e1_h_Ln_tr17 -500000000.0 -1000000000.0 0.0
e0e1_T_tr19 200.0 0.0 400.0
e0e1_P_tr20 175.0 150.0 200.0
e0e1_p_tr6 700000.0 600042.0 799958.0
e0e1_x_tr18_i1 0.5 0.0 1.0
e0e1_T_tr16 200.0 0.0 400.0
e0e1_h_Ln_tr4 -500000000.0 -1000000000.0 0.0
e0e1_greek_rho_Lm_tr5 400.0 100.0 700.0
e0e1_F_Ln_tr15 2.5 0.0 5.0
e0e1_M_L_tr12 40.0 10.0 70.0
e0e1_greek_sigma_tr17 0.0500010542482 2.10849645981e-06 0.1
e0e1_greek_rho_Vm_tr11 50.9020928554 1.80418571085 100.0
e0e1_greek_eta_V_tr17 0.0500005 1e-06 0.1
e0e1_greek_theta_i2_j2_tr18 1.0 1.0 1.0
e0e1_M_L_tr15 40.0 10.0 70.0
e0e1_greek_theta_i1_j2_tr19 1.625 0.25 3.0
e0e1_y_tr12_i2 0.5 0.0 1.0
e0e1_greek_theta_i2_j1_tr11 1.625 0.25 3.0
e0e1_T_tr2 200.0 0.0 400.0
e0e1_y_tr10_i1 0.5 0.0 1.0
e0e1_greek_theta_i1_j1_tr6 1.0 1.0 1.0
e0e1_T_tr3 200.0 0.0 400.0
e0e1_h_Ln_tr6 -500000000.0 -1000000000.0 0.0
e0e1_K_tr9_i1 1.5 0.0 3.0
e0e1_h_Vn_tr7 -140319356.495 -280638712.991 0.0
e0e1_y_tr14_i2 0.5 0.0 1.0
e0e1_T_tr14 200.0 0.0 400.0
e0e1_x_tr19_i2 0.5 0.0 1.0
e0e1_greek_eta_V_tr2 0.0500005 1e-06 0.1
e0e1_K_tr8_i1 1.5 0.0 3.0
e0e1_P_i2_tr9 175.0 150.0 200.0
e0e1_P_i2_tr2 175.0 150.0 200.0
e0e1_greek_theta_i2_j2_tr2 1.0 1.0 1.0
e0e1_P_tr19 175.0 150.0 200.0
e0e1_greek_rho_Vm_tr17 50.9020928554 1.80418571085 100.0
e0e1_P_tr10 175.0 150.0 200.0
e0e1_M_V_tr5 40.0 10.0 70.0
e0e1_greek_theta_i2_j2_tr16 1.0 1.0 1.0
e0e1_greek_theta_i1_j2_tr9 1.625 0.25 3.0
e0e1_greek_theta_i2_j1_tr17 1.625 0.25 3.0
e0e1_M_L_tr5 40.0 10.0 70.0
e0e1_y_tr13_i1 0.5 0.0 1.0
e0e1_greek_theta_i1_j2_tr8 1.625 0.25 3.0
e0e1_M_L_tr9 40.0 10.0 70.0
e0e1_F_Vn_tr3 2.5 0.0 5.0
e0e1_K_tr3_i2 1.5 0.0 3.0
e0e1_greek_eta_L_tr13 0.0500005 1e-06 0.1
e0e1_greek_eta_L_tr2 0.0500005 1e-06 0.1
e0e1_x_tr7_i2 0.5 0.0 1.0
e0e1_h_Ln_tr14 -500000000.0 -1000000000.0 0.0
e0e1_K_tr1_i2 1.5 0.0 3.0
e0e1_F_Ln_tr10 2.5 0.0 5.0
e0e1_P_i2_tr4 175.0 150.0 200.0
e0e1_F_Ln_tr1 2.5 0.0 5.0
e0e1_y_tr16_i2 0.5 0.0 1.0
e0e1_greek_eta_L_tr5 0.0500005 1e-06 0.1
e0e1_P_i2_tr19 175.0 150.0 200.0
e0e1_greek_rho_Vm_tr20 50.0 0.0 100.0
e0e1_P_i2_tr18 175.0 150.0 200.0
e0e1_P_tr17 175.0 150.0 200.0
e0e1_F_Ln_tr16 2.5 0.0 5.0
e0_h_Fn -146848847.118 -218504134.068 -75193560.1674
e0e1_y_tr9_i2 0.5 0.0 1.0
e0e1_x_tr13_i2 0.5 0.0 1.0
e0e1_M_L_tr7 40.0 10.0 70.0
e0e1_K_tr6_i1 1.5 0.0 3.0
e0e1_M_V_tr10 40.0 10.0 70.0
e0e1_greek_rho_Lm_tr18 400.0 100.0 700.0
e0e1_y_tr16_i1 0.5 0.0 1.0
e0e1_P_i1_tr2 175.0 150.0 200.0
e0e1_greek_eta_L_tr15 0.0500005 1e-06 0.1
e0e1_y_tr10_i2 0.5 0.0 1.0
e0e1_h_Ln_tr16 -500000000.0 -1000000000.0 0.0
e0_F_DVn 0.222 -1000000000.0 1000000000.0
e0e1_P_i1_tr5 175.0 150.0 200.0
e0_F_ReboilerVn 0.222 -1000000000.0 1000000000.0
e0e1_x_tr9_i2 0.5 0.0 1.0
e0e1_greek_theta_i2_j1_tr4 1.625 0.25 3.0
e0_T_Reboiler 31250000.0 0.0 62500000.0
e0e1_M_V_tr2 40.0 10.0 70.0
e0e1_greek_eta_V_tr7 0.0500005 1e-06 0.1
e0e1_K_tr8_i2 1.5 0.0 3.0
e0e1_M_L_tr17 40.0 10.0 70.0
e0e1_F_Ln_tr14 2.5 0.0 5.0
e0e1_P_tr5 175.0 150.0 200.0
e0e1_M_L_tr8 40.0 10.0 70.0
e0e1_greek_rho_Lm_tr17 400.0 100.0 700.0
e0e1_greek_theta_i2_j1_tr5 1.625 0.25 3.0
e0e1_y_tr5_i2 0.5 0.0 1.0
e0e1_greek_theta_i1_j2_tr16 1.625 0.25 3.0
e0e1_P_i1_tr14 175.0 150.0 200.0
e0e1_F_Vn_tr12 2.5 0.0 5.0
e0e1_M_V_tr4 40.0 10.0 70.0
e0e1_x_tr17_i1 0.5 0.0 1.0
e0e1_F_Vn_tr15 2.5 0.0 5.0
e0e1_y_tr20_i1 0.5 0.0 1.0
e0e1_greek_rho_Lm_tr9 400.0 100.0 700.0
e0e1_greek_theta_i1_j1_tr10 1.0 1.0 1.0
e0e1_K_tr1_i1 1.5 0.0 3.0
e0e1_T_tr11 200.0 0.0 400.0
e0e1_p_tr19 700021.0 600042.0 800000.0
e0e1_h_Vn_tr10 -140319356.495 -280638712.991 0.0
e0_K_Reboiler_i1 0.222 -1000000000.0 1000000000.0
e0e1_P_i1_tr18 175.0 150.0 200.0
e0e1_M_L_tr11 40.0 10.0 70.0
e0e1_K_tr5_i1 1.5 0.0 3.0
e0e1_greek_rho_Lm_tr19 400.0 100.0 700.0
e0e1_greek_rho_Vm_tr18 50.9020928554 1.80418571085 100.0
e0e1_P_i2_tr5 175.0 150.0 200.0
e0e1_greek_sigma_tr19 0.0500010542482 2.10849645981e-06 0.1
e0e1_greek_theta_i1_j2_tr10 1.625 0.25 3.0
e0e1_x_tr4_i2 0.5 0.0 1.0
e0e1_P_i1_tr16 175.0 150.0 200.0
e0e1_M_L_tr4 40.0 10.0 70.0
e0e1_greek_eta_L_tr7 0.0500005 1e-06 0.1
e0e1_F_Vn_tr2 2.5 0.0 5.0
e0e1_K_tr7_i2 1.5 0.0 3.0
e0e1_P_i2_tr7 175.0 150.0 200.0
e0e1_P_i2_tr1 175.0 150.0 200.0
e0e1_T_tr1 200.0 0.0 400.0
e0e1_P_tr15 175.0 150.0 200.0
e0e1_P_i2_tr16 175.0 150.0 200.0
e0e1_K_tr14_i1 1.5 0.0 3.0
e0e1_h_Vn_tr5 -140319356.495 -280638712.991 0.0
e0e1_K_tr9_i2 1.5 0.0 3.0
e0e1_greek_sigma_tr8 0.0500010542482 2.10849645981e-06 0.1
e0e1_y_tr14_i1 0.5 0.0 1.0
e0e1_greek_rho_Vm_tr2 50.9020928554 1.80418571085 100.0
e0e1_K_tr2_i2 1.5 0.0 3.0
e0e1_greek_sigma_tr9 0.0500010542482 2.10849645981e-06 0.1
e0e1_greek_theta_i1_j2_tr4 1.625 0.25 3.0
e0e1_greek_rho_Vm_tr15 50.9020928554 1.80418571085 100.0
e0e1_y_tr3_i2 0.5 0.0 1.0
e0e1_x_tr1_i2 0.5 0.0 1.0
e0e1_greek_rho_Vm_tr14 50.9020928554 1.80418571085 100.0
e0e1_greek_theta_i2_j2_tr14 1.0 1.0 1.0
e0e1_M_V_tr9 40.0 10.0 70.0
e0e1_M_V_tr15 40.0 10.0 70.0
e0_y_D_i1 0.5 0.0 1.0
e0e1_P_i1_tr7 175.0 150.0 200.0
e0e1_greek_theta_i2_j1_tr15 1.625 0.25 3.0
e0e1_greek_theta_i1_j2_tr6 1.625 0.25 3.0
e0e1_greek_eta_L_tr20 0.0500005 1e-06 0.1
e0e1_p_tr1 700042.0 700042.0 700042.0
e0e1_greek_theta_i2_j1_tr12 1.625 0.25 3.0
e0_h_LReboilern 0.222 -1000000000.0 1000000000.0
e0e1_x_tr18_i2 0.5 0.0 1.0
e0e1_h_Ln_tr2 -500000000.0 -1000000000.0 0.0
e0e1_x_tr10_i1 0.5 0.0 1.0
e0e1_greek_sigma_tr12 0.0500010542482 2.10849645981e-06 0.1
e0e1_F_Ln_tr7 2.5 0.0 5.0
e0e1_greek_eta_V_tr6 0.0500005 1e-06 0.1
e0e1_greek_eta_V_tr12 0.0500005 1e-06 0.1
e0e1_M_L_tr18 40.0 10.0 70.0
e0e1_greek_theta_i1_j1_tr19 1.0 1.0 1.0
e0e1_greek_eta_V_tr19 0.0500005 1e-06 0.1
e0e1_greek_theta_i2_j2_tr12 1.0 1.0 1.0
e0e1_greek_theta_i1_j2_tr17 1.625 0.25 3.0
e0e1_F_Vn_tr17 2.5 0.0 5.0
e0e1_P_i1_tr1 175.0 150.0 200.0
e0e1_A 1.28679635091 1.28679635091 1.28679635091
e0e1_h_Vn_tr2 -140319356.495 -280638712.991 0.0
e0e1_M_V_tr7 40.0 10.0 70.0
e0e1_greek_eta_L_tr17 0.0500005 1e-06 0.1
e0e1_h_Ln_tr10 -500000000.0 -1000000000.0 0.0
e0e1_greek_rho_Vm_tr5 50.9020928554 1.80418571085 100.0
e0e1_p_tr18 700000.0 600042.0 799958.0
e0e1_F_Ln_tr5 2.5 0.0 5.0
e0e1_h_Ln_tr11 -500000000.0 -1000000000.0 0.0
e0e1_P_i2_tr15 175.0 150.0 200.0
e0e1_K_tr18_i2 1.5 0.0 3.0
e0e1_x_tr14_i1 0.5 0.0 1.0
e0e1_greek_rho_Lm_tr6 400.0 100.0 700.0
e0e1_M_V_tr20 40.0 10.0 70.0
e0e1_p_tr21 700000.0 600000.0 800000.0
e0e1_greek_theta_i1_j2_tr7 1.625 0.25 3.0
e0_x_F_i2 0.5 0.5 0.5
e0e1_x_tr5_i2 0.5 0.0 1.0
e0e1_P_tr8 175.0 150.0 200.0
e0e1_x_tr12_i1 0.5 0.0 1.0
e0e1_P_tr9 175.0 150.0 200.0
e0e1_F_Vn_tr8 2.5 0.0 5.0
e0e1_y_tr2_i1 0.5 0.0 1.0
e0e1_K_tr10_i2 1.5 0.0 3.0
e0e1_F_Vn_tr9 2.5 0.0 5.0
e0e1_greek_eta_L_tr8 0.0500005 1e-06 0.1
e0_K_Reboiler_i2 0.222 -1000000000.0 1000000000.0
e0e1_y_tr18_i2 0.5 0.0 1.0
e0e1_y_tr20_i2 0.5 0.0 1.0
e0e1_P_i2_tr17 175.0 150.0 200.0
e0e1_T_tr17 200.0 0.0 400.0
e0e1_greek_theta_i1_j1_tr3 1.0 1.0 1.0
e0e1_greek_rho_Lm_tr4 400.0 100.0 700.0
e0e1_y_tr9_i1 0.5 0.0 1.0
e0e1_y_tr6_i1 0.5 0.0 1.0
e0e1_M_L_tr13 40.0 10.0 70.0
e0e1_F_Ln_tr18 2.5 0.0 5.0
e0e1_h_Vn_tr20 -140319356.495 -280638712.991 0.0
e0_y_Reboiler_i1 0.5 0.0 1.0
e0e1_greek_theta_i2_j1_tr9 1.625 0.25 3.0
e0_x_Reboilerin_i2 0.5 0.0 1.0
e0e1_greek_theta_i1_j2_tr12 1.625 0.25 3.0
e0e1_greek_eta_L_tr10 0.0500005 1e-06 0.1
e0e1_greek_theta_i2_j1_tr10 1.625 0.25 3.0
e0e1_y_tr11_i1 0.5 0.0 1.0
e0e1_p_tr8 700000.0 600042.0 799958.0
e0e1_M_L_tr6 40.0 10.0 70.0
e0e1_greek_eta_V_tr15 0.0500005 1e-06 0.1
e0_p_ReboilerV -21.0 -1000000000.0 999999958.0
e0e1_x_tr11_i2 0.5 0.0 1.0
e0e1_K_tr12_i1 1.5 0.0 3.0
e0e1_x_B_i2 0.92 0.92 0.92
e0e1_h_Vn_tr14 -140319356.495 -280638712.991 0.0
e0e1_F_Ln_tr6 2.5 0.0 5.0
e0e1_T_B 187.5 0.0 375.0
e0e1_greek_eta_V_tr9 0.0500005 1e-06 0.1
e0e1_greek_eta_L_tr19 0.0500005 1e-06 0.1
e0e1_h_Ln_tr5 -500000000.0 -1000000000.0 0.0
e0e1_greek_theta_i1_j1_tr18 1.0 1.0 1.0
e0e1_greek_theta_i1_j2_tr2 1.625 0.25 3.0
e0e1_greek_theta_i2_j2_tr9 1.0 1.0 1.0
e0e1_greek_theta_i2_j1_tr20 1.625 0.25 3.0
e0e1_F_Vn_tr18 2.5 0.0 5.0
e0e1_M_V_tr13 40.0 10.0 70.0
e0e1_greek_rho_Lm_tr20 400.0 100.0 700.0
e0e1_y_tr15_i2 0.5 0.0 1.0
e0e1_M_L_tr14 40.0 10.0 70.0
e0e1_P_tr11 175.0 150.0 200.0
e0e1_P_i2_tr3 175.0 150.0 200.0
e0e1_greek_theta_i1_j1_tr20 1.0 1.0 1.0
e0e1_h_Vn_tr9 -140319356.495 -280638712.991 0.0
e0e1_greek_sigma_tr14 0.0500010542482 2.10849645981e-06 0.1
e0e1_greek_sigma_tr4 0.0500010542482 2.10849645981e-06 0.1
e0e1_greek_eta_V_tr4 0.0500005 1e-06 0.1
e0e1_K_tr16_i1 1.5 0.0 3.0
e0e1_F_Vn_tr20 2.5 0.0 5.0
e0e1_K_tr19_i2 1.5 0.0 3.0
e0e1_greek_eta_V_tr5 0.0500005 1e-06 0.1
e0e1_greek_rho_Vm_tr19 50.9020928554 1.80418571085 100.0
e0e1_P_tr18 175.0 150.0 200.0
e0_K_D_i1 0.465661287308 -0.232830643654 1.16415321827
e0e1_K_tr7_i1 1.5 0.0 3.0
e0e1_M_V_tr3 40.0 10.0 70.0
e0_x_Reboilerin_i1 0.5 0.0 1.0
e0e1_greek_theta_i2_j2_tr10 1.0 1.0 1.0
e0e1_greek_theta_i1_j2_tr11 1.625 0.25 3.0
e0e1_M_V_tr11 40.0 10.0 70.0
e0e1_greek_theta_i2_j1_tr7 1.625 0.25 3.0
e0e1_P_i1_tr3 175.0 150.0 200.0
e0e1_P_i2_tr6 175.0 150.0 200.0
e0e1_greek_theta_i2_j2_tr17 1.0 1.0 1.0
e0_x_D_i2 0.05 0.05 0.05
e0e1_greek_theta_i1_j1_tr11 1.0 1.0 1.0
e0e1_greek_rho_Vm_tr7 50.9020928554 1.80418571085 100.0
e0e1_y_tr7_i1 0.5 0.0 1.0
e0e1_greek_sigma_tr16 0.0500010542482 2.10849645981e-06 0.1
e0e1_h_Ln_tr13 -500000000.0 -1000000000.0 0.0
e0e1_greek_sigma_tr6 0.0500010542482 2.10849645981e-06 0.1
e0e1_p_tr17 700000.0 600042.0 799958.0
e0_y_D_i2 0.5 0.0 1.0
e0e1_greek_rho_Vm_tr8 50.9020928554 1.80418571085 100.0
e0e1_x_tr9_i1 0.5 0.0 1.0
e0e1_greek_theta_i1_j2_tr5 1.625 0.25 3.0
e0e1_x_tr15_i1 0.5 0.0 1.0
e0e1_greek_theta_i1_j2_tr13 1.625 0.25 3.0
e0e1_greek_rho_Lm_tr12 400.0 100.0 700.0
e0e1_h_Vn_tr16 -140319356.495 -280638712.991 0.0
e0e1_x_tr6_i2 0.5 0.0 1.0
e0e1_P_tr16 175.0 150.0 200.0
e0e1_x_tr12_i2 0.5 0.0 1.0
e0e1_F_Ln_tr21 2.5 0.0 5.0
e0e1_y_tr15_i1 0.5 0.0 1.0
e0e1_greek_sigma_tr7 0.0500010542482 2.10849645981e-06 0.1
e0e1_F_Ln_tr8 2.5 0.0 5.0
e0e1_greek_eta_L_tr1 0.0500005 1e-06 0.1
e0e1_h_Vn_tr11 -140319356.495 -280638712.991 0.0
e0e1_F_BLn 2.5 0.0 5.0
e0e1_greek_rho_Vm_tr1 50.9020928554 1.80418571085 100.0
e0e1_F_Ln_tr9 2.5 0.0 5.0
e0e1_greek_theta_i1_j1_tr2 1.0 1.0 1.0
e0e1_P_i2_tr11 175.0 150.0 200.0
e0e1_M_L_tr20 40.0 10.0 70.0
e0e1_P_i2_tr10 175.0 150.0 200.0
e0e1_greek_theta_i1_j1_tr17 1.0 1.0 1.0
e0e1_greek_theta_i1_j1_tr5 1.0 1.0 1.0
e0e1_K_tr16_i2 1.5 0.0 3.0
e0e1_P_i1_tr4 175.0 150.0 200.0
e0_h_DLn 0.222 -1000000000.0 1000000000.0
e0e1_h_Vn_tr13 -140319356.495 -280638712.991 0.0
e0e1_greek_theta_i1_j2_tr3 1.625 0.25 3.0
e0e1_greek_theta_i2_j2_tr6 1.0 1.0 1.0
e0e1_greek_eta_L_tr12 0.0500005 1e-06 0.1
e0e1_M_V_tr18 40.0 10.0 70.0
e0e1_greek_rho_Lm_tr10 400.0 100.0 700.0
e0e1_P_i1_tr19 175.0 150.0 200.0
e0e1_F_Vn_tr5 2.5 0.0 5.0
e0e1_P_i1_tr15 175.0 150.0 200.0
e0e1_h_Ln_tr1 -500000000.0 -1000000000.0 0.0
e0e1_greek_rho_Lm_tr3 400.0 100.0 700.0
e0e1_P_tr3 175.0 150.0 200.0
e0e1_K_tr4_i2 1.5 0.0 3.0
e0e1_F_Ln_tr4 2.5 0.0 5.0
e0e1_greek_eta_V_tr20 0.0500005 1e-06 0.1
e0e1_greek_eta_V_tr10 0.0500005 1e-06 0.1
e0e1_greek_theta_i2_j2_tr15 1.0 1.0 1.0
e0e1_T_tr13 200.0 0.0 400.0
e0e1_greek_theta_i2_j1_tr2 1.625 0.25 3.0
e0e1_P_i1_tr8 175.0 150.0 200.0
e0e1_K_tr2_i1 1.5 0.0 3.0
e0_F_DLn 0.222 -1000000000.0 1000000000.0
e0e1_K_tr17_i2 1.5 0.0 3.0
e0e1_F_Vn_tr11 2.5 0.0 5.0
e0e1_x_tr1_i1 0.5 0.0 1.0
e0e1_greek_theta_i1_j2_tr20 1.625 0.25 3.0
e0e1_greek_sigma_tr18 0.0500010542482 2.10849645981e-06 0.1
e0e1_greek_rho_Lm_tr1 400.0 100.0 700.0
e0e1_p_tr15 700000.0 600042.0 799958.0
e0e1_M_L_tr16 40.0 10.0 70.0
e0e1_greek_theta_i1_j1_tr15 1.0 1.0 1.0
e0e1_greek_sigma_tr13 0.0500010542482 2.10849645981e-06 0.1
e0e1_T_tr10 200.0 0.0 400.0
e0e1_h_Vn_tr18 -140319356.495 -280638712.991 0.0
e0e1_h_Ln_tr12 -500000000.0 -1000000000.0 0.0
e0_p_DL 699958.0 699958.0 699958.0
e0e1_y_tr4_i1 0.5 0.0 1.0
e0e1_greek_theta_i1_j1_tr14 1.0 1.0 1.0
e0e1_x_tr8_i1 0.5 0.0 1.0
e0e1_greek_sigma_tr11 0.0500010542482 2.10849645981e-06 0.1
e0e1_y_tr3_i1 0.5 0.0 1.0
e0e1_greek_theta_i2_j2_tr19 1.0 1.0 1.0
e0e1_K_tr18_i1 1.5 0.0 3.0
e0e1_greek_theta_i1_j2_tr14 1.625 0.25 3.0
e0e1_y_tr17_i1 0.5 0.0 1.0
e0e1_p_tr13 700000.0 600042.0 799958.0
e0e1_P_tr4 175.0 150.0 200.0
e0e1_T_tr9 200.0 0.0 400.0
e0e1_greek_theta_i1_j1_tr7 1.0 1.0 1.0
e0e1_h_Ln_tr8 -500000000.0 -1000000000.0 0.0
e0e1_y_tr8_i2 0.5 0.0 1.0
e0_y_DV_i1 0.5 0.0 1.0
e0e1_T_tr15 200.0 0.0 400.0
e0e1_greek_eta_V_tr8 0.0500005 1e-06 0.1
e0e1_y_tr7_i2 0.5 0.0 1.0
e0e1_P_i2_tr8 175.0 150.0 200.0
e0e1_greek_sigma_tr1 0.0500010542482 2.10849645981e-06 0.1
e0e1_M_V_tr16 40.0 10.0 70.0
e0e1_P_tr6 175.0 150.0 200.0
e0e1_K_tr20_i2 1.5 0.0 3.0
e0e1_F_Vn_tr7 2.5 0.0 5.0
e0e1_x_tr14_i2 0.5 0.0 1.0
e0e1_greek_theta_i2_j1_tr19 1.625 0.25 3.0
e0e1_P_tr14 175.0 150.0 200.0
e0e1_greek_theta_i2_j1_tr16 1.625 0.25 3.0
e0e1_K_tr15_i1 1.5 0.0 3.0
e0_x_Reboiler_i2 0.5 0.0 1.0
e0e1_T_tr7 200.0 0.0 400.0
e0e1_greek_theta_i1_j1_tr1 1.0 1.0 1.0
e0e1_F_Ln_tr12 2.5 0.0 5.0
e0e1_h_Ln_tr7 -500000000.0 -1000000000.0 0.0
e0e1_greek_eta_L_tr3 0.0500005 1e-06 0.1
e0e1_K_tr19_i1 1.5 0.0 3.0
e0e1_h_Vn_tr17 -140319356.495 -280638712.991 0.0
e0e1_greek_rho_Vm_tr3 50.9020928554 1.80418571085 100.0
e0e1_K_tr5_i2 1.5 0.0 3.0
e0e1_M_V_tr6 40.0 10.0 70.0
e0e1_greek_rho_Vm_tr4 50.9020928554 1.80418571085 100.0
e0e1_P_i2_tr12 175.0 150.0 200.0
e0e1_M_V_tr14 40.0 10.0 70.0
e0e1_greek_rho_Lm_tr14 400.0 100.0 700.0
e0e1_greek_rho_Lm_tr16 400.0 100.0 700.0
e0e1_P_i2_tr14 175.0 150.0 200.0
e0e1_P_i1_tr6 175.0 150.0 200.0
e0e1_greek_theta_i1_j2_tr1 1.625 0.25 3.0
e0e1_p_tr9 700000.0 600042.0 799958.0
e0e1_greek_theta_i2_j2_tr4 1.0 1.0 1.0
e0_Q_Reboiler 0.222 -10000000000.0 10000000000.0
e0e1_F_Ln_tr20 2.5 0.0 5.0
e0e1_M_L_tr1 40.0 10.0 70.0
e0e1_greek_theta_i2_j2_tr3 1.0 1.0 1.0
e0e1_p_tr14 700000.0 600042.0 799958.0
e0e1_h_Ln_tr18 -500000000.0 -1000000000.0 0.0
e0e1_x_tr7_i1 0.5 0.0 1.0
e0e1_h_Ln_tr19 -500000000.0 -1000000000.0 0.0
e0_K_D_i2 0.222 -1000000000.0 1000000000.0
e0e1_K_tr4_i1 1.5 0.0 3.0
e0e1_F_Ln_tr19 2.5 0.0 5.0
e0e1_p_tr4 700000.0 600042.0 799958.0
