***** 1 th Set of Initial Values and Bounds*****

e0_x_i2 0.723417499551 0.520292716998 0.926542282104
e0_h_V -255000.0 -280000.0 -230000.0
e0_K_LV_i2 1.45497701909 0.226515883045 2.68343815514
e0_y_i2 0.5 0.20987654321 0.79012345679
e0_HU_i2 0.12669423055 0.0533884610994 0.2
e0_p 0.75 0.75 0.75
e0_greek_gamma_L_i1 2.00798370651 0.554047803976 3.46191960904
e0_Q 100000.0 0.0 200000.0
e0_HU_V 0.258984375 0.253125 0.26484375
e0_y_i1 0.499419026537 0.20987654321 0.788961509864
e0_A 0.020106192983 0.020106192983 0.020106192983
e0_V_total 0.0100530964915 0.0100530964915 0.0100530964915
e0_x_F_i2 0.85 0.85 0.85
e0_greek_alpha_L_i1 0.234816885022 0.234816885022 0.234816885022
e0_HU_L 0.00405175685883 0.00400390625 0.00409960746765
e0_x_i1 0.276582500449 0.0734577178955 0.479707283002
e0_K_LV_i1 2.71875480178 0.437509603557 5.0
e0_V_L 1.11937136589e-07 3.81495940643e-08 1.85724679113e-07
e0_L 55.6962138679 31.3924277357 80.0
e0_U -67909.2915736 -76780.9685849 -59037.6145622
e0_greek_gamma_L_i2 2.31419088638 0.354276127793 4.27410564497
e0_HU_i1 0.126709558908 0.0534191178158 0.2
e0_V_V 0.010023991693 0.0099093007125 0.0101386826734
e0_greek_alpha_L_i2 0.773534640353 0.773534640353 0.773534640353
e0_h_F -279145.961889 -279145.961889 -279145.961889
e0_V 24.1391406697 0.0 48.2782813394
e0_r_DH 0.32 0.32 0.32
e0_h_L -260000.0 -290000.0 -230000.0
