***** 1 th Set of Initial Values and Bounds*****

e0_x_i2 0.5 0.0 1.0
e0_h_V -255000.0 -280000.0 -230000.0
e0_K_LV_i2 1.57904548918 0.0 3.15809097836
e0_y_i2 0.5 0.0 1.0
e0_HU_i2 0.1 0.0 0.2
e0_p 0.75 0.75 0.75
e0_greek_gamma_L_i1 1.7578125 0.0 3.515625
e0_Q 100000.0 0.0 200000.0
e0_HU_V 0.15 0.0 0.3
e0_y_i1 0.5 0.0 1.0
e0_A 0.020106192983 0.020106192983 0.020106192983
e0_V_total 0.0100530964915 0.0100530964915 0.0100530964915
e0_x_F_i2 0.85 0.85 0.85
e0_greek_alpha_L_i1 0.234816885022 0.234816885022 0.234816885022
e0_HU_L 0.00405175685883 0.00400390625 0.00409960746765
e0_x_i1 0.50390625 0.0078125 1.0
e0_K_LV_i1 2.5 0.0 5.0
e0_V_L 7.676e-06 0.0 1.5352e-05
e0_L 40.0 0.0 80.0
e0_U -71897.7549137 -142888.50273 -907.007097407
e0_greek_gamma_L_i2 2.5 0.0 5.0
e0_HU_i1 0.1 0.0 0.2
e0_V_V 0.0058721782 0.0 0.0117443564
e0_greek_alpha_L_i2 0.773534640353 0.773534640353 0.773534640353
e0_h_F -279145.961889 -279145.961889 -279145.961889
e0_V 40.0 0.0 80.0
e0_r_DH 0.32 0.32 0.32
e0_h_L -260000.0 -290000.0 -230000.0
