***** 1 th Set of Initial Values and Bounds*****

e0_x_i2 0.465087890625 0.0 0.93017578125
e0_h_V -255000.0 -280000.0 -230000.0
e0_K_LV_i2 1.57904548918 0.0 3.15809097836
e0_y_i2 0.5 0.0 1.0
e0_HU_i2 0.1 0.0 0.2
e0_p 0.75 0.75 0.75
e0_greek_gamma_L_i1 1.73096060411 1.59918528617e-06 3.46191960904
e0_Q 100000.0 0.0 200000.0
e0_HU_V 0.2765625 0.253125 0.3
e0_y_i1 0.5 0.0 1.0
e0_A 0.020106192983 0.020106192983 0.020106192983
e0_V_total 0.0100530964915 0.0100530964915 0.0100530964915
e0_x_F_i2 0.85 0.85 0.85
e0_greek_alpha_L_i1 0.234816885022 0.234816885022 0.234816885022
e0_HU_L 0.00405175685883 0.00400390625 0.00409960746765
e0_x_i1 0.536728858948 0.0734577178955 1.0
e0_K_LV_i1 2.5 9.89374117782e-56 5.0
e0_V_L 1.65257530643e-07 1.64079413414e-08 3.14107119944e-07
e0_L 40.0 0.0 80.0
e0_U -44166.994048 -87426.9809985 -907.007097407
e0_greek_gamma_L_i2 2.5 7.76133441649e-14 5.0
e0_HU_i1 0.100137691479 0.000275382958353 0.2
e0_V_V 0.010023991693 0.0099093007125 0.0101386826734
e0_greek_alpha_L_i2 0.773534640353 0.773534640353 0.773534640353
e0_h_F -279145.961889 -279145.961889 -279145.961889
e0_V 40.0 0.0 80.0
e0_r_DH 0.32 0.32 0.32
e0_h_L -260000.0 -290000.0 -230000.0
