***** 1 th Set of Initial Values and Bounds*****

e0_x_i2 0.493209412657 0.0598765432099 0.926542282104
e0_h_V -255000.0 -280000.0 -230000.0
e0_K_LV_i2 1.58915409332 0.0202172082861 3.15809097836
e0_y_i2 0.5 0.20987654321 0.79012345679
e0_HU_i2 0.1 0.0 0.2
e0_p 0.75 0.75 0.75
e0_greek_gamma_L_i1 1.7309614295 3.24995643192e-06 3.46191960904
e0_Q 100000.0 0.0 200000.0
e0_HU_V 0.258984375 0.253125 0.26484375
e0_y_i1 0.499419026537 0.20987654321 0.788961509864
e0_A 0.020106192983 0.020106192983 0.020106192983
e0_V_total 0.0100530964915 0.0100530964915 0.0100530964915
e0_x_F_i2 0.85 0.85 0.85
e0_greek_alpha_L_i1 0.234816885022 0.234816885022 0.234816885022
e0_HU_L 0.00405175685883 0.00400390625 0.00409960746765
e0_x_i1 0.536728858948 0.0734577178955 1.0
e0_K_LV_i1 2.50000234693 4.69386467472e-06 5.0
e0_V_L 1.63387536099e-07 1.72617746089e-08 3.0951329759e-07
e0_L 42.5849459595 5.16989191892 80.0
e0_U -67909.2915736 -76780.9685849 -59037.6145622
e0_greek_gamma_L_i2 2.51873329452 0.0374665890462 5.0
e0_HU_i1 0.100147058908 0.000294117815793 0.2
e0_V_V 0.010023991693 0.0099093007125 0.0101386826734
e0_greek_alpha_L_i2 0.773534640353 0.773534640353 0.773534640353
e0_h_F -279145.961889 -279145.961889 -279145.961889
e0_V 40.0 0.0 80.0
e0_r_DH 0.32 0.32 0.32
e0_h_L -260000.0 -290000.0 -230000.0
